@subtask samples
manual sample1.in

@subtask s1
@include samples
gen 1000 1 5 1
gen 1000 1 10 2
gen 1000 1 15 3
gen 4 250 0 1
gen 4 250 0 2
gen 4 250 0 3
gen 50 20 5 1
gen 50 20 5 4
gen 50 20 5 3
gen 20 50 3 1
gen 20 50 3 4
gen 20 50 3 3
gen 31 32 5 1
gen 31 32 5 2
gen 31 32 5 4

@subtask s2
link 1000000 1 5 1
link 1000000 1 10 2
link 1000000 1 15 3
link 10 100000 0 7
link 10 100000 0 2
link 10 100000 0 3
link 1000 1000 5 1
link 1000 1000 5 2
link 1000 1000 10 3
link 1000 1000 10 4
link 1000 1000 15 5

@subtask s3
long 1000000 1 5 11
long 1000000 1 10 21
long 1000000 1 15 31
long 10 100000 0 11
long 10 100000 0 21
long 10 100000 0 31
long 1000 1000 5 11
long 1000 1000 5 21
long 1000 1000 10 31
long 1000 1000 10 41

@subtask s4
@include samples
@include s1
@include s2 
@include s3
gen 1000000 1 5 1111
gen 1000000 1 10 1112
gen 1000000 1 15 1113
gen 10 100000 0 10
gen 10 100000 0 1112
gen 10 100000 0 1113
gen 500000 2 5 111
gen 500000 2 10 112
gen 500000 2 15 113
gen 20 50000 1 111
gen 20 50000 1 112
gen 20 50000 1 113
gen 1000 1000 5 111
gen 1000 1000 5 121
gen 1000 1000 5 311
gen 1000 1000 10 211
gen 1000 1000 10 212
gen 1000 1000 10 221
gen 1000 1000 15 412
gen 1000 1000 15 511
gen 1000 1000 15 611
